10131
18988
26385
38655
41588
56601
66837
69095
70467
78531
79517
88830
103718
112356
122027
128263
136448
143497
151381
154658
156666
161996
169697
178125
181939
195816
207759
216236
222051
227174
237998
253002
257580
260892
265509
267330
273626
277543
293325
296267
303830
305960
315198
316676
321103
323384
325923
329787
335191
341032
350544
351907
355281
360860
365610
368766
380658
382014
409574
422927
425955
427485
430519
435400
444826
449329
455069
466601
472919
484363
486304
496342
501109
502569
505642
509472
521522
533788
535557
542943
543835
551537
556526
559214
564601
565465